$ANSIBLE_VAULT;1.1;AES256
39303262393432303665333730323636383736336334323733393539356539626437356562356463
3036633936393262353732336431616435363134313933320a663631393666636363616165303062
65353663656233313831316634666231346234303131386332616465326236343533383032613363
6532613137303435360a363133323533386162323061366637373530613561323739323139613233
32623937613663616638633462613639396437336538396330363930313134653863646332323562
30346461313737396538643838386234643131316336653339306335326236383532336337343930
62373366613534353138613732323935363730336366653161363262663630313532383763643862
62386266663338636265386661346565313936326536613836333066323932623736323161356330
61313034323464623837343265316633343162363463666430643064373332666565313435303861
34393361323632356335323637623766376161343561333738346331306163376338316538373961
64323435656264386438663937343932663035333331666339326664666235643363306631343964
34323434373630646438616632393635326564656561383332306261356163336563346661373932
35313334343162376662633332353335346364333361333932343031316438313639396264353566
35303733633963366239353865346561353631666434323930326231653833643866323461663838
35663435333831376130303538346139303435303831613536623561323133653661653336366162
31313063333931353036623536383062356664623461356435353838383366363138373166353238
39626363623434663962336363613264343338363136656434366235396634623130346533633565
31313833343732653537383832343863376535613434646161306463623238643834623239366234
36373037313230383439623661376631666439626664626233386132383435386635636436396665
36356437323232366530373138353962633933363633383933326635653865306434663963356666
39323962616138646332633637636661376566393264336330656536356337323330366662363631
65316361663461363139616362633262316236623836323539366161643035383233353762613339
37326139366530323035343537333639653161383732343331313165303661313264653234656562
39663837633239383630323064373732636534653262333130306366323837663432303565326462
31383738333634326430366234626535313430343336353665303964303337666463
